352	FT911-3246	1	0.206355
352	FT911-4701	2	0.154319
352	FT911-437	3	0.152986
352	FT911-1087	4	0.133709
352	FT911-3866	5	0.129701
352	FT911-3772	6	0.123755
352	FT911-2267	7	0.119607
352	FT911-5179	8	0.112037
352	FT911-2332	9	0.107070
352	FT911-3886	10	0.105846
352	FT911-4818	11	0.104070
352	FT911-2549	12	0.102475
352	FT911-3618	13	0.102351
352	FT911-91	14	0.102324
352	FT911-1582	15	0.100081
352	FT911-4606	16	0.098404
352	FT911-2510	17	0.096277
352	FT911-3053	18	0.093726
352	FT911-2751	19	0.093675
352	FT911-3858	20	0.089872
352	FT911-1668	21	0.089215
352	FT911-1174	22	0.087313
352	FT911-5072	23	0.085927
352	FT911-3710	24	0.085288
352	FT911-417	25	0.083087
352	FT911-2046	26	0.082313
352	FT911-4687	27	0.080504
352	FT911-1674	28	0.077994
352	FT911-3387	29	0.077841
352	FT911-1768	30	0.077417
352	FT911-2599	31	0.076618
352	FT911-4339	32	0.075807
352	FT911-3106	33	0.075413
352	FT911-2581	34	0.075375
352	FT911-1888	35	0.075017
352	FT911-2002	36	0.074962
352	FT911-3651	37	0.074925
352	FT911-2154	38	0.074595
352	FT911-5096	39	0.073614
352	FT911-2222	40	0.073432
352	FT911-5027	41	0.072949
352	FT911-3132	42	0.071656
352	FT911-4769	43	0.071400
352	FT911-413	44	0.071351
352	FT911-1872	45	0.070973
352	FT911-3673	46	0.070962
352	FT911-2138	47	0.070791
352	FT911-2281	48	0.069621
352	FT911-259	49	0.069113
352	FT911-5356	50	0.068429
352	FT911-3370	51	0.067365
352	FT911-519	52	0.066883
352	FT911-2560	53	0.066646
352	FT911-851	54	0.066567
352	FT911-1194	55	0.066048
352	FT911-1563	56	0.065975
352	FT911-63	57	0.065657
352	FT911-3923	58	0.065431
352	FT911-2832	59	0.063797
352	FT911-2280	60	0.063761
352	FT911-4561	61	0.062967
352	FT911-4762	62	0.062558
352	FT911-2093	63	0.062089
352	FT911-2882	64	0.061481
352	FT911-4591	65	0.061135
352	FT911-900	66	0.060989
352	FT911-2005	67	0.060763
352	FT911-4033	68	0.060672
352	FT911-2306	69	0.060556
352	FT911-3393	70	0.060294
352	FT911-4948	71	0.059987
352	FT911-4569	72	0.059861
352	FT911-4050	73	0.059750
352	FT911-2530	74	0.059250
352	FT911-2803	75	0.058865
352	FT911-1384	76	0.058612
352	FT911-4783	77	0.058376
352	FT911-650	78	0.057983
352	FT911-1031	79	0.057080
352	FT911-3278	80	0.056968
352	FT911-3059	81	0.056630
352	FT911-3662	82	0.056589
352	FT911-1462	83	0.056566
352	FT911-834	84	0.056107
352	FT911-2052	85	0.055290
352	FT911-635	86	0.054972
352	FT911-2934	87	0.054198
352	FT911-705	88	0.054161
352	FT911-2095	89	0.054091
352	FT911-801	90	0.054059
352	FT911-1362	91	0.053877
352	FT911-4812	92	0.053747
352	FT911-39	93	0.053576
352	FT911-3133	94	0.053005
352	FT911-4798	95	0.052796
352	FT911-3635	96	0.052776
352	FT911-3605	97	0.052623
352	FT911-328	98	0.052567
352	FT911-3922	99	0.052438
352	FT911-910	100	0.052260
353	FT911-122	1	0.475202
353	FT911-558	2	0.362440
353	FT911-1769	3	0.351947
353	FT911-4151	4	0.276237
353	FT911-4261	5	0.207462
353	FT911-4348	6	0.206622
353	FT911-4931	7	0.168823
353	FT911-4349	8	0.125674
353	FT911-3327	9	0.124724
353	FT911-1562	10	0.098015
353	FT911-4139	11	0.095443
353	FT911-3129	12	0.095114
353	FT911-5024	13	0.091575
353	FT911-601	14	0.089190
353	FT911-3209	15	0.087710
353	FT911-1263	16	0.082061
353	FT911-1098	17	0.079471
353	FT911-4919	18	0.075814
353	FT911-3478	19	0.073773
353	FT911-3206	20	0.068211
353	FT911-3027	21	0.067164
353	FT911-932	22	0.060158
353	FT911-348	23	0.059360
353	FT911-846	24	0.059329
353	FT911-3318	25	0.059125
353	FT911-4701	26	0.057016
353	FT911-5079	27	0.053193
353	FT911-1943	28	0.050517
353	FT911-547	29	0.049139
353	FT911-3706	30	0.048960
353	FT911-2029	31	0.047997
353	FT911-3332	32	0.046968
353	FT911-1349	33	0.046794
353	FT911-5001	34	0.043393
353	FT911-3320	35	0.043360
353	FT911-5253	36	0.042078
353	FT911-3472	37	0.042014
353	FT911-1083	38	0.038598
353	FT911-3816	39	0.037405
353	FT911-18	40	0.037098
353	FT911-825	41	0.035830
353	FT911-2350	42	0.035332
353	FT911-1196	43	0.035261
353	FT911-597	44	0.034894
353	FT911-5196	45	0.033259
353	FT911-2140	46	0.032467
353	FT911-870	47	0.031499
353	FT911-4442	48	0.031096
353	FT911-4902	49	0.031040
353	FT911-702	50	0.030557
353	FT911-1627	51	0.030414
353	FT911-5167	52	0.028808
353	FT911-606	53	0.028803
353	FT911-5076	54	0.028063
353	FT911-1520	55	0.028062
353	FT911-1323	56	0.027773
353	FT911-943	57	0.026759
353	FT911-1611	58	0.026580
353	FT911-3623	59	0.026366
353	FT911-4383	60	0.026295
353	FT911-4341	61	0.026076
353	FT911-1631	62	0.025779
353	FT911-1355	63	0.025434
353	FT911-2630	64	0.024934
353	FT911-150	65	0.024309
353	FT911-1124	66	0.024296
353	FT911-4174	67	0.023776
353	FT911-4467	68	0.022569
353	FT911-4963	69	0.020601
353	FT911-2789	70	0.020323
353	FT911-753	71	0.020152
353	FT911-3067	72	0.019491
353	FT911-4929	73	0.019096
353	FT911-4009	74	0.018752
353	FT911-1254	75	0.018520
353	FT911-3356	76	0.018489
353	FT911-5042	77	0.018387
353	FT911-3699	78	0.017945
353	FT911-1957	79	0.016824
353	FT911-3363	80	0.016814
353	FT911-1109	81	0.016737
353	FT911-4184	82	0.016466
353	FT911-4165	83	0.016406
353	FT911-4318	84	0.016059
353	FT911-4004	85	0.015714
353	FT911-265	86	0.015590
353	FT911-2787	87	0.015154
353	FT911-3640	88	0.015088
353	FT911-4176	89	0.014991
353	FT911-383	90	0.014775
353	FT911-1296	91	0.014426
353	FT911-2994	92	0.014115
353	FT911-4840	93	0.013989
353	FT911-5341	94	0.013808
353	FT911-1494	95	0.013725
353	FT911-4515	96	0.013690
353	FT911-1301	97	0.013380
353	FT911-467	98	0.013299
353	FT911-2793	99	0.013233
353	FT911-3925	100	0.012700
354	FT911-885	1	0.368418
354	FT911-3514	2	0.305660
354	FT911-2786	3	0.293932
354	FT911-4783	4	0.242328
354	FT911-1588	5	0.225593
354	FT911-4804	6	0.225590
354	FT911-1900	7	0.208654
354	FT911-3494	8	0.197140
354	FT911-1288	9	0.183598
354	FT911-1702	10	0.183180
354	FT911-115	11	0.157792
354	FT911-2977	12	0.155611
354	FT911-2646	13	0.135954
354	FT911-5245	14	0.133054
354	FT911-4344	15	0.123345
354	FT911-1374	16	0.106214
354	FT911-5207	17	0.103275
354	FT911-4603	18	0.099443
354	FT911-1949	19	0.096226
354	FT911-4757	20	0.095294
354	FT911-4272	21	0.087360
354	FT911-2618	22	0.083692
354	FT911-4571	23	0.081493
354	FT911-1085	24	0.080876
354	FT911-5214	25	0.078862
354	FT911-195	26	0.078457
354	FT911-2436	27	0.077862
354	FT911-477	28	0.075529
354	FT911-1668	29	0.074068
354	FT911-4125	30	0.073777
354	FT911-3364	31	0.072633
354	FT911-5054	32	0.071058
354	FT911-2300	33	0.070754
354	FT911-5046	34	0.062450
354	FT911-4740	35	0.060287
354	FT911-1568	36	0.060195
354	FT911-2299	37	0.059972
354	FT911-1436	38	0.059921
354	FT911-4312	39	0.058332
354	FT911-4277	40	0.058206
354	FT911-4021	41	0.057785
354	FT911-1312	42	0.056933
354	FT911-2216	43	0.056186
354	FT911-460	44	0.054507
354	FT911-693	45	0.053982
354	FT911-4582	46	0.052429
354	FT911-1869	47	0.052363
354	FT911-5093	48	0.051465
354	FT911-611	49	0.050863
354	FT911-3537	50	0.050192
354	FT911-4649	51	0.050165
354	FT911-318	52	0.049575
354	FT911-2256	53	0.049115
354	FT911-2163	54	0.047858
354	FT911-2644	55	0.047402
354	FT911-1587	56	0.047316
354	FT911-3948	57	0.047016
354	FT911-3104	58	0.046674
354	FT911-3661	59	0.046356
354	FT911-4065	60	0.046345
354	FT911-5101	61	0.045490
354	FT911-1585	62	0.045237
354	FT911-3894	63	0.044713
354	FT911-2116	64	0.044457
354	FT911-1899	65	0.044425
354	FT911-2812	66	0.044364
354	FT911-2689	67	0.043749
354	FT911-1297	68	0.043634
354	FT911-989	69	0.043414
354	FT911-4592	70	0.043112
354	FT911-1475	71	0.043036
354	FT911-198	72	0.042721
354	FT911-2845	73	0.042310
354	FT911-1523	74	0.042171
354	FT911-1316	75	0.041413
354	FT911-4878	76	0.040965
354	FT911-1710	77	0.040479
354	FT911-2994	78	0.040059
354	FT911-3516	79	0.039634
354	FT911-3627	80	0.039020
354	FT911-2753	81	0.038995
354	FT911-1793	82	0.038980
354	FT911-2370	83	0.038527
354	FT911-3407	84	0.037662
354	FT911-1958	85	0.037641
354	FT911-3249	86	0.037601
354	FT911-743	87	0.037177
354	FT911-5331	88	0.036640
354	FT911-501	89	0.036323
354	FT911-3896	90	0.036214
354	FT911-2510	91	0.036174
354	FT911-2716	92	0.036034
354	FT911-2848	93	0.035840
354	FT911-503	94	0.035778
354	FT911-3144	95	0.035778
354	FT911-4909	96	0.035586
354	FT911-1528	97	0.035423
354	FT911-1967	98	0.034705
354	FT911-2114	99	0.033992
354	FT911-3658	100	0.033819
359	FT911-4650	1	0.342597
359	FT911-391	2	0.205949
359	FT911-2712	3	0.204442
359	FT911-4652	4	0.187092
359	FT911-4645	5	0.185063
359	FT911-3000	6	0.173826
359	FT911-1897	7	0.153160
359	FT911-2520	8	0.153129
359	FT911-515	9	0.150619
359	FT911-4641	10	0.141118
359	FT911-5244	11	0.140966
359	FT911-4656	12	0.140458
359	FT911-1517	13	0.129936
359	FT911-2983	14	0.129638
359	FT911-2342	15	0.120536
359	FT911-4642	16	0.119257
359	FT911-1282	17	0.118570
359	FT911-4646	18	0.117286
359	FT911-2711	19	0.113868
359	FT911-4647	20	0.112240
359	FT911-4648	21	0.111540
359	FT911-4644	22	0.110756
359	FT911-4654	23	0.107283
359	FT911-4649	24	0.106221
359	FT911-4264	25	0.105946
359	FT911-1899	26	0.105826
359	FT911-3979	27	0.104167
359	FT911-3242	28	0.103419
359	FT911-4655	29	0.103292
359	FT911-2452	30	0.102956
359	FT911-3149	31	0.102377
359	FT911-2982	32	0.101105
359	FT911-594	33	0.099206
359	FT911-3260	34	0.098703
359	FT911-4640	35	0.098069
359	FT911-5086	36	0.088838
359	FT911-4651	37	0.087685
359	FT911-2480	38	0.084340
359	FT911-5121	39	0.082610
359	FT911-2637	40	0.081527
359	FT911-2672	41	0.081009
359	FT911-4643	42	0.075643
359	FT911-4206	43	0.074112
359	FT911-2998	44	0.072738
359	FT911-934	45	0.072304
359	FT911-4784	46	0.071976
359	FT911-5150	47	0.071617
359	FT911-3276	48	0.069853
359	FT911-4679	49	0.069657
359	FT911-4095	50	0.068625
359	FT911-1230	51	0.068003
359	FT911-1719	52	0.067737
359	FT911-2596	53	0.067641
359	FT911-679	54	0.067156
359	FT911-3283	55	0.067058
359	FT911-1412	56	0.065025
359	FT911-3546	57	0.064054
359	FT911-3404	58	0.062299
359	FT911-2469	59	0.061515
359	FT911-1059	60	0.060478
359	FT911-2009	61	0.059456
359	FT911-4368	62	0.058986
359	FT911-1628	63	0.058641
359	FT911-4653	64	0.057559
359	FT911-2046	65	0.057114
359	FT911-3645	66	0.056503
359	FT911-680	67	0.055919
359	FT911-428	68	0.055308
359	FT911-5157	69	0.055163
359	FT911-1446	70	0.054581
359	FT911-2063	71	0.054086
359	FT911-4589	72	0.052887
359	FT911-1645	73	0.052792
359	FT911-4202	74	0.052572
359	FT911-331	75	0.051426
359	FT911-2209	76	0.051273
359	FT911-2424	77	0.050343
359	FT911-3534	78	0.050200
359	FT911-3406	79	0.049885
359	FT911-4787	80	0.048723
359	FT911-4270	81	0.048528
359	FT911-99	82	0.048365
359	FT911-61	83	0.048297
359	FT911-4467	84	0.048093
359	FT911-2288	85	0.048003
359	FT911-4685	86	0.047751
359	FT911-4987	87	0.047735
359	FT911-4870	88	0.047252
359	FT911-4583	89	0.046875
359	FT911-3986	90	0.046185
359	FT911-1096	91	0.046180
359	FT911-1309	92	0.045944
359	FT911-1521	93	0.045811
359	FT911-392	94	0.045802
359	FT911-5201	95	0.045729
359	FT911-4322	96	0.044493
359	FT911-2222	97	0.043815
359	FT911-165	98	0.043152
359	FT911-3496	99	0.043106
359	FT911-2988	100	0.042931
