352	FT911-3246	1	0.197581
352	FT911-4701	2	0.147757
352	FT911-437	3	0.146482
352	FT911-1087	4	0.128024
352	FT911-3866	5	0.124186
352	FT911-3772	6	0.118494
352	FT911-91	7	0.118006
352	FT911-2267	8	0.114521
352	FT911-3278	9	0.111983
352	FT911-5179	10	0.107274
352	FT911-2332	11	0.102518
352	FT911-4762	12	0.101948
352	FT911-3886	13	0.101346
352	FT911-4818	14	0.099645
352	FT911-2549	15	0.098118
352	FT911-3618	16	0.098000
352	FT911-1582	17	0.095826
352	FT911-4606	18	0.094220
352	FT911-417	19	0.093999
352	FT911-2510	20	0.092184
352	FT911-3053	21	0.089741
352	FT911-2751	22	0.089692
352	FT911-3106	23	0.089104
352	FT911-3858	24	0.086051
352	FT911-1668	25	0.085421
352	FT911-1174	26	0.083601
352	FT911-5072	27	0.082274
352	FT911-3710	28	0.081662
352	FT911-2002	29	0.080564
352	FT911-3387	30	0.079094
352	FT911-2046	31	0.078813
352	FT911-3370	32	0.078577
352	FT911-4687	33	0.077081
352	FT911-1674	34	0.074678
352	FT911-328	35	0.074424
352	FT911-3635	36	0.074181
352	FT911-1768	37	0.074125
352	FT911-2599	38	0.073360
352	FT911-4339	39	0.072584
352	FT911-2581	40	0.072170
352	FT911-1888	41	0.071827
352	FT911-3651	42	0.071740
352	FT911-2154	43	0.071423
352	FT911-5096	44	0.070485
352	FT911-2222	45	0.070310
352	FT911-5027	46	0.069847
352	FT911-3132	47	0.068609
352	FT911-4769	48	0.068364
352	FT911-413	49	0.068317
352	FT911-1872	50	0.067956
352	FT911-3673	51	0.067945
352	FT911-2138	52	0.067781
352	FT911-834	53	0.066879
352	FT911-3349	54	0.066701
352	FT911-2281	55	0.066661
352	FT911-2803	56	0.066596
352	FT911-2196	57	0.066261
352	FT911-259	58	0.066175
352	FT911-4164	59	0.065932
352	FT911-2052	60	0.065904
352	FT911-4561	61	0.065763
352	FT911-5356	62	0.065519
352	FT911-4050	63	0.065242
352	FT911-5249	64	0.064844
352	FT911-705	65	0.064559
352	FT911-5271	66	0.064296
352	FT911-519	67	0.064039
352	FT911-2560	68	0.063813
352	FT911-851	69	0.063737
352	FT911-1194	70	0.063240
352	FT911-1563	71	0.063170
352	FT911-63	72	0.062865
352	FT911-3923	73	0.062649
352	FT911-765	74	0.062050
352	FT911-1529	75	0.061483
352	FT911-2832	76	0.061085
352	FT911-4814	77	0.061080
352	FT911-2280	78	0.061050
352	FT911-3853	79	0.060480
352	FT911-794	80	0.060276
352	FT911-5343	81	0.059946
352	FT911-1436	82	0.059845
352	FT911-2740	83	0.059836
352	FT911-2451	84	0.059486
352	FT911-2093	85	0.059449
352	FT911-5098	86	0.059360
352	FT911-2882	87	0.058867
352	FT911-4591	88	0.058536
352	FT911-2572	89	0.058530
352	FT911-900	90	0.058396
352	FT911-2005	91	0.058179
352	FT911-4033	92	0.058092
352	FT911-5340	93	0.058017
352	FT911-2306	94	0.057981
352	FT911-3393	95	0.057731
352	FT911-4948	96	0.057436
352	FT911-3947	97	0.057334
352	FT911-4569	98	0.057316
352	FT911-910	99	0.057256
352	FT911-2530	100	0.056731
353	FT911-122	1	0.262937
353	FT911-558	2	0.251539
353	FT911-1769	3	0.194738
353	FT911-4931	4	0.186825
353	FT911-4151	5	0.152847
353	FT911-4348	6	0.143399
353	FT911-3327	7	0.138024
353	FT911-4261	8	0.122653
353	FT911-4349	9	0.110331
353	FT911-1562	10	0.108467
353	FT911-4139	11	0.105620
353	FT911-3129	12	0.105257
353	FT911-5024	13	0.101340
353	FT911-81	14	0.099717
353	FT911-601	15	0.098701
353	FT911-774	16	0.097961
353	FT911-3209	17	0.097063
353	FT911-4855	18	0.091799
353	FT911-1263	19	0.090812
353	FT911-1098	20	0.087945
353	FT911-4919	21	0.083898
353	FT911-3478	22	0.081639
353	FT911-2287	23	0.077399
353	FT911-3206	24	0.075484
353	FT911-3027	25	0.074326
353	FT911-4371	26	0.072397
353	FT911-5062	27	0.071704
353	FT911-3615	28	0.071291
353	FT911-4332	29	0.068318
353	FT911-932	30	0.066573
353	FT911-348	31	0.065690
353	FT911-846	32	0.065655
353	FT911-3318	33	0.065430
353	FT911-5253	34	0.065268
353	FT911-4701	35	0.063096
353	FT911-678	36	0.062301
353	FT911-309	37	0.061075
353	FT911-1450	38	0.060269
353	FT911-5319	39	0.059775
353	FT911-1943	40	0.055904
353	FT911-547	41	0.054378
353	FT911-3267	42	0.054200
353	FT911-3706	43	0.054180
353	FT911-1031	44	0.053738
353	FT911-2029	45	0.053115
353	FT911-4810	46	0.053094
353	FT911-456	47	0.052488
353	FT911-3332	48	0.051976
353	FT911-1349	49	0.051783
353	FT911-5001	50	0.048021
353	FT911-3320	51	0.047983
353	FT911-4633	52	0.047680
353	FT911-3866	53	0.047530
353	FT911-1822	54	0.046621
353	FT911-3472	55	0.046494
353	FT911-5245	56	0.045264
353	FT911-2301	57	0.045097
353	FT911-1890	58	0.044166
353	FT911-1601	59	0.044101
353	FT911-2202	60	0.043660
353	FT911-4861	61	0.043655
353	FT911-2358	62	0.043642
353	FT911-943	63	0.043572
353	FT911-1083	64	0.042714
353	FT911-5197	65	0.041698
353	FT911-3816	66	0.041394
353	FT911-18	67	0.041054
353	FT911-4802	68	0.039763
353	FT911-825	69	0.039650
353	FT911-1212	70	0.039266
353	FT911-4072	71	0.039241
353	FT911-2350	72	0.039100
353	FT911-1196	73	0.039021
353	FT911-597	74	0.038615
353	FT911-5190	75	0.037826
353	FT911-5265	76	0.037801
353	FT911-5196	77	0.036805
353	FT911-4928	78	0.036191
353	FT911-1638	79	0.036070
353	FT911-2140	80	0.035929
353	FT911-2654	81	0.035822
353	FT911-2523	82	0.035592
353	FT911-4137	83	0.035377
353	FT911-3153	84	0.035209
353	FT911-870	85	0.034858
353	FT911-3377	86	0.034629
353	FT911-4442	87	0.034412
353	FT911-2169	88	0.034353
353	FT911-4902	89	0.034350
353	FT911-702	90	0.033815
353	FT911-1627	91	0.033657
353	FT911-3934	92	0.032971
353	FT911-5356	93	0.032211
353	FT911-3753	94	0.031998
353	FT911-5167	95	0.031880
353	FT911-606	96	0.031874
353	FT911-339	97	0.031811
353	FT911-4578	98	0.031493
353	FT911-3087	99	0.031387
353	FT911-1091	100	0.031209
354	FT911-885	1	0.323310
354	FT911-3514	2	0.268235
354	FT911-2786	3	0.260722
354	FT911-4783	4	0.212658
354	FT911-1588	5	0.197972
354	FT911-4804	6	0.197969
354	FT911-1900	7	0.183107
354	FT911-3494	8	0.175170
354	FT911-1288	9	0.161118
354	FT911-1702	10	0.160752
354	FT911-115	11	0.138472
354	FT911-2977	12	0.136558
354	FT911-2646	13	0.119308
354	FT911-5245	14	0.116763
354	FT911-1374	15	0.110575
354	FT911-4344	16	0.108243
354	FT911-4740	17	0.096505
354	FT911-5046	18	0.095646
354	FT911-5207	19	0.094535
354	FT911-4603	20	0.087268
354	FT911-1949	21	0.086870
354	FT911-4757	22	0.083626
354	FT911-4272	23	0.076664
354	FT911-2618	24	0.073445
354	FT911-4571	25	0.071515
354	FT911-318	26	0.071071
354	FT911-1085	27	0.070973
354	FT911-5214	28	0.069206
354	FT911-195	29	0.068851
354	FT911-2436	30	0.068328
354	FT911-5054	31	0.067304
354	FT911-477	32	0.066281
354	FT911-1668	33	0.065000
354	FT911-4125	34	0.064744
354	FT911-3364	35	0.063740
354	FT911-2300	36	0.062091
354	FT911-198	37	0.059015
354	FT911-693	38	0.057124
354	FT911-4755	39	0.056413
354	FT911-460	40	0.056077
354	FT911-4277	41	0.055481
354	FT911-2994	42	0.053245
354	FT911-1568	43	0.052825
354	FT911-2299	44	0.052629
354	FT911-1436	45	0.052585
354	FT911-4561	46	0.051769
354	FT911-4312	47	0.051190
354	FT911-4021	48	0.050709
354	FT911-1312	49	0.049963
354	FT911-862	50	0.049880
354	FT911-2216	51	0.049307
354	FT911-2989	52	0.048752
354	FT911-611	53	0.048482
354	FT911-2256	54	0.048230
354	FT911-4065	55	0.047679
354	FT911-4649	56	0.046642
354	FT911-4076	57	0.046159
354	FT911-4582	58	0.046009
354	FT911-1869	59	0.045952
354	FT911-3407	60	0.045488
354	FT911-5093	61	0.045164
354	FT911-4650	62	0.044405
354	FT911-2644	63	0.044073
354	FT911-3537	64	0.044046
354	FT911-2116	65	0.043656
354	FT911-467	66	0.042372
354	FT911-3018	67	0.042169
354	FT911-2163	68	0.041999
354	FT911-1587	69	0.041523
354	FT911-4137	70	0.041332
354	FT911-3948	71	0.041259
354	FT911-3104	72	0.040960
354	FT911-3661	73	0.040680
354	FT911-2689	74	0.040677
354	FT911-4380	75	0.039972
354	FT911-5101	76	0.039920
354	FT911-1585	77	0.039698
354	FT911-3894	78	0.039239
354	FT911-1899	79	0.038986
354	FT911-3866	80	0.038941
354	FT911-2812	81	0.038932
354	FT911-1297	82	0.038291
354	FT911-743	83	0.038247
354	FT911-1281	84	0.038221
354	FT911-216	85	0.038167
354	FT911-989	86	0.038098
354	FT911-4592	87	0.037833
354	FT911-1475	88	0.037766
354	FT911-2845	89	0.037130
354	FT911-1523	90	0.037007
354	FT911-169	91	0.036882
354	FT911-503	92	0.036809
354	FT911-4578	93	0.036795
354	FT911-710	94	0.036423
354	FT911-1316	95	0.036343
354	FT911-5331	96	0.035980
354	FT911-4878	97	0.035949
354	FT911-1710	98	0.035523
354	FT911-4782	99	0.035305
354	FT911-42	100	0.035202
359	FT911-4650	1	0.233926
359	FT911-391	2	0.132695
359	FT911-2712	3	0.131723
359	FT911-4590	4	0.131359
359	FT911-4652	5	0.120545
359	FT911-4645	6	0.119237
359	FT911-3000	7	0.111997
359	FT911-4656	8	0.109788
359	FT911-1897	9	0.098682
359	FT911-2520	10	0.098662
359	FT911-515	11	0.097045
359	FT911-4641	12	0.090923
359	FT911-5244	13	0.090825
359	FT911-1061	14	0.088591
359	FT911-4654	15	0.083952
359	FT911-1517	16	0.083719
359	FT911-2983	17	0.083527
359	FT911-2342	18	0.077662
359	FT911-4642	19	0.076838
359	FT911-5343	20	0.076827
359	FT911-4975	21	0.076507
359	FT911-1282	22	0.076395
359	FT911-4646	23	0.075568
359	FT911-2291	24	0.073750
359	FT911-2711	25	0.073366
359	FT911-4647	26	0.072317
359	FT911-4648	27	0.071866
359	FT911-4644	28	0.071361
359	FT911-984	29	0.069323
359	FT911-4649	30	0.068439
359	FT911-4264	31	0.068262
359	FT911-1899	32	0.068185
359	FT911-3979	33	0.067115
359	FT911-3242	34	0.066634
359	FT911-4655	35	0.066552
359	FT911-2452	36	0.066335
359	FT911-3149	37	0.065962
359	FT911-2982	38	0.065143
359	FT911-594	39	0.063919
359	FT911-3260	40	0.063595
359	FT911-4640	41	0.063186
359	FT911-110	42	0.062768
359	FT911-3960	43	0.059208
359	FT911-5086	44	0.057239
359	FT911-335	45	0.057041
359	FT911-4862	46	0.056522
359	FT911-4651	47	0.056496
359	FT911-2644	48	0.056347
359	FT911-4095	49	0.055734
359	FT911-3853	50	0.054741
359	FT911-2480	51	0.054341
359	FT911-2380	52	0.053252
359	FT911-5121	53	0.053226
359	FT911-2637	54	0.052529
359	FT911-2672	55	0.052195
359	FT911-523	56	0.051753
359	FT911-3830	57	0.050518
359	FT911-1426	58	0.050095
359	FT911-463	59	0.049435
359	FT911-437	60	0.049154
359	FT911-4853	61	0.048829
359	FT911-4643	62	0.048737
359	FT911-1786	63	0.047768
359	FT911-4206	64	0.047751
359	FT911-2998	65	0.046865
359	FT911-934	66	0.046586
359	FT911-4784	67	0.046375
359	FT911-5150	68	0.046144
359	FT911-1309	69	0.045779
359	FT911-3276	70	0.045007
359	FT911-4679	71	0.044880
359	FT911-3181	72	0.044188
359	FT911-1230	73	0.043815
359	FT911-1719	74	0.043643
359	FT911-2596	75	0.043582
359	FT911-2709	76	0.043373
359	FT911-679	77	0.043269
359	FT911-3283	78	0.043206
359	FT911-4055	79	0.043133
359	FT911-4865	80	0.042632
359	FT911-3216	81	0.042424
359	FT911-1412	82	0.041896
359	FT911-242	83	0.041523
359	FT911-3546	84	0.041270
359	FT911-314	85	0.040813
359	FT911-271	86	0.040454
359	FT911-3404	87	0.040139
359	FT911-3005	88	0.039822
359	FT911-2469	89	0.039634
359	FT911-4197	90	0.039156
359	FT911-644	91	0.039049
359	FT911-1059	92	0.038966
359	FT911-2009	93	0.038308
359	FT911-4435	94	0.038227
359	FT911-4024	95	0.038044
359	FT911-4368	96	0.038005
359	FT911-1628	97	0.037783
359	FT911-1279	98	0.037696
359	FT911-3461	99	0.037672
359	FT911-1885	100	0.037274
