352	FT911-91	1	0.135910
352	FT911-3973	2	0.132472
352	FT911-428	3	0.130677
352	FT911-5193	4	0.119612
352	FT911-4569	5	0.119020
352	FT911-4348	6	0.115376
352	FT911-5293	7	0.109095
352	FT911-3917	8	0.108326
352	FT911-3246	9	0.102413
352	FT911-2046	10	0.099167
352	FT911-3259	11	0.098377
352	FT911-4561	12	0.095455
352	FT911-5096	13	0.094227
352	FT911-1265	14	0.091958
352	FT911-2714	15	0.090236
352	FT911-5238	16	0.089710
352	FT911-1868	17	0.087732
352	FT911-3866	18	0.087122
352	FT911-1280	19	0.086791
352	FT911-4575	20	0.086724
352	FT911-5051	21	0.085842
352	FT911-2222	22	0.084780
352	FT911-908	23	0.084672
352	FT911-4856	24	0.083897
352	FT911-3356	25	0.081612
352	FT911-5239	26	0.080928
352	FT911-5249	27	0.079772
352	FT911-2315	28	0.079321
352	FT911-1198	29	0.079256
352	FT911-2605	30	0.079156
352	FT911-5231	31	0.079095
352	FT911-1122	32	0.078494
352	FT911-4837	33	0.076952
352	FT911-4701	34	0.076587
352	FT911-4319	35	0.075995
352	FT911-437	36	0.075926
352	FT911-3720	37	0.075187
352	FT911-2755	38	0.074815
352	FT911-2117	39	0.074125
352	FT911-3922	40	0.073504
352	FT911-1031	41	0.073102
352	FT911-3886	42	0.072643
352	FT911-1087	43	0.072463
352	FT911-3767	44	0.071944
352	FT911-2126	45	0.071251
352	FT911-721	46	0.071015
352	FT911-610	47	0.070721
352	FT911-5248	48	0.070501
352	FT911-3665	49	0.070406
352	FT911-133	50	0.070362
352	FT911-3274	51	0.070260
352	FT911-5356	52	0.069847
352	FT911-3930	53	0.069614
352	FT911-4798	54	0.069544
352	FT911-1766	55	0.067977
352	FT911-3853	56	0.067956
352	FT911-3921	57	0.067005
352	FT911-5307	58	0.066765
352	FT911-618	59	0.066504
352	FT911-2618	60	0.066434
352	FT911-4959	61	0.066365
352	FT911-5179	62	0.066354
352	FT911-5072	63	0.066215
352	FT911-3772	64	0.066019
352	FT911-2306	65	0.065881
352	FT911-3106	66	0.065805
352	FT911-2648	67	0.065721
352	FT911-1563	68	0.065546
352	FT911-802	69	0.065133
352	FT911-1384	70	0.065128
352	FT911-460	71	0.065013
352	FT911-1362	72	0.064748
352	FT911-783	73	0.064402
352	FT911-5339	74	0.064059
352	FT911-2549	75	0.063995
352	FT911-276	76	0.063970
352	FT911-2017	77	0.063952
352	FT911-3235	78	0.063456
352	FT911-632	79	0.063295
352	FT911-2532	80	0.063107
352	FT911-511	81	0.063094
352	FT911-1768	82	0.063035
352	FT911-1305	83	0.062816
352	FT911-3241	84	0.062806
352	FT911-4466	85	0.062652
352	FT911-1114	86	0.062584
352	FT911-3948	87	0.062055
352	FT911-4582	88	0.061915
352	FT911-520	89	0.061808
352	FT911-4784	90	0.061785
352	FT911-559	91	0.061344
352	FT911-3135	92	0.061177
352	FT911-2276	93	0.060782
352	FT911-5178	94	0.060728
352	FT911-4120	95	0.060581
352	FT911-3258	96	0.060528
352	FT911-1098	97	0.060503
352	FT911-328	98	0.060305
352	FT911-1693	99	0.059920
352	FT911-4017	100	0.059784
353	FT911-122	1	0.442646
353	FT911-1769	2	0.377755
353	FT911-558	3	0.348691
353	FT911-4348	4	0.243884
353	FT911-4349	5	0.219759
353	FT911-4151	6	0.208677
353	FT911-4261	7	0.166747
353	FT911-826	8	0.154412
353	FT911-4931	9	0.133544
353	FT911-2897	10	0.127685
353	FT911-4505	11	0.120863
353	FT911-3699	12	0.111817
353	FT911-1611	13	0.109564
353	FT911-2315	14	0.105748
353	FT911-1955	15	0.102808
353	FT911-1383	16	0.097032
353	FT911-1958	17	0.096662
353	FT911-1301	18	0.096074
353	FT911-3327	19	0.095998
353	FT911-5042	20	0.093585
353	FT911-2288	21	0.093527
353	FT911-428	22	0.088870
353	FT911-4686	23	0.087790
353	FT911-5328	24	0.086956
353	FT911-601	25	0.083064
353	FT911-4398	26	0.082773
353	FT911-4902	27	0.078932
353	FT911-3973	28	0.078257
353	FT911-150	29	0.074154
353	FT911-4701	30	0.073074
353	FT911-81	31	0.072402
353	FT911-1263	32	0.071649
353	FT911-205	33	0.071621
353	FT911-2534	34	0.071466
353	FT911-1562	35	0.070664
353	FT911-4332	36	0.069189
353	FT911-4139	37	0.068809
353	FT911-3129	38	0.068572
353	FT911-2	39	0.068307
353	FT911-2287	40	0.068090
353	FT911-825	41	0.067821
353	FT911-3027	42	0.067250
353	FT911-5024	43	0.067094
353	FT911-774	44	0.066574
353	FT911-3209	45	0.065975
353	FT911-4406	46	0.065756
353	FT911-1098	47	0.064408
353	FT911-4855	48	0.064181
353	FT911-1349	49	0.063988
353	FT911-2558	50	0.063605
353	FT911-5190	51	0.062935
353	FT911-1038	52	0.059819
353	FT911-2313	53	0.058809
353	FT911-571	54	0.058618
353	FT911-4046	55	0.057595
353	FT911-1269	56	0.057580
353	FT911-2187	57	0.057438
353	FT911-4272	58	0.057115
353	FT911-5253	59	0.056706
353	FT911-3917	60	0.056442
353	FT911-4919	61	0.055769
353	FT911-819	62	0.054834
353	FT911-133	63	0.054711
353	FT911-4837	64	0.054661
353	FT911-4856	65	0.053541
353	FT911-3478	66	0.053186
353	FT911-309	67	0.052925
353	FT911-4569	68	0.052294
353	FT911-2431	69	0.051487
353	FT911-932	70	0.051232
353	FT911-204	71	0.051207
353	FT911-692	72	0.050235
353	FT911-1072	73	0.050186
353	FT911-3206	74	0.049176
353	FT911-3651	75	0.049145
353	FT911-846	76	0.048556
353	FT911-1689	77	0.047771
353	FT911-1944	78	0.047730
353	FT911-1631	79	0.047492
353	FT911-4371	80	0.047165
353	FT911-5062	81	0.046714
353	FT911-4154	82	0.046609
353	FT911-2301	83	0.046585
353	FT911-3615	84	0.046444
353	FT911-1002	85	0.046392
353	FT911-678	86	0.046053
353	FT911-4575	87	0.045294
353	FT911-3235	88	0.045210
353	FT911-1265	89	0.045182
353	FT911-3267	90	0.045010
353	FT911-348	91	0.044872
353	FT911-2763	92	0.044659
353	FT911-5051	93	0.044320
353	FT911-3451	94	0.044276
353	FT911-612	95	0.044121
353	FT911-737	96	0.044105
353	FT911-90	97	0.043810
353	FT911-3153	98	0.043589
353	FT911-1943	99	0.043489
353	FT911-2231	100	0.043072
354	FT911-4783	1	0.299362
354	FT911-885	2	0.242081
354	FT911-3514	3	0.200844
354	FT911-2786	4	0.193138
354	FT911-4633	5	0.165778
354	FT911-1705	6	0.163428
354	FT911-1288	7	0.159243
354	FT911-1702	8	0.158881
354	FT911-1293	9	0.157082
354	FT911-1588	10	0.148234
354	FT911-4804	11	0.148231
354	FT911-4080	12	0.143287
354	FT911-1900	13	0.141869
354	FT911-230	14	0.140711
354	FT911-563	15	0.122591
354	FT911-1585	16	0.119782
354	FT911-5224	17	0.113056
354	FT911-428	18	0.108742
354	FT911-2977	19	0.105803
354	FT911-115	20	0.103682
354	FT911-429	21	0.094169
354	FT911-5245	22	0.090466
354	FT911-1908	23	0.086824
354	FT911-4530	24	0.086697
354	FT911-4358	25	0.084526
354	FT911-10	26	0.083144
354	FT911-1374	27	0.082794
354	FT911-2686	28	0.081513
354	FT911-818	29	0.081428
354	FT911-3751	30	0.081145
354	FT911-232	31	0.079191
354	FT911-3976	32	0.078626
354	FT911-1587	33	0.078559
354	FT911-3688	34	0.077812
354	FT911-1704	35	0.076750
354	FT911-3675	36	0.075763
354	FT911-667	37	0.075073
354	FT911-7	38	0.073722
354	FT911-5046	39	0.071616
354	FT911-2317	40	0.071361
354	FT911-3973	41	0.070633
354	FT911-4569	42	0.070112
354	FT911-905	43	0.068947
354	FT911-213	44	0.068855
354	FT911-3733	45	0.068237
354	FT911-5207	46	0.067860
354	FT911-4348	47	0.067042
354	FT911-3494	48	0.066940
354	FT911-2079	49	0.066748
354	FT911-1949	50	0.066159
354	FT911-3917	51	0.065994
354	FT911-477	52	0.065984
354	FT911-1568	53	0.065334
354	FT911-2444	54	0.064178
354	FT911-362	55	0.063953
354	FT911-4277	56	0.063455
354	FT911-318	57	0.063127
354	FT911-3176	58	0.062312
354	FT911-1235	59	0.061620
354	FT911-1128	60	0.061426
354	FT911-4575	61	0.060821
354	FT911-1265	62	0.060379
354	FT911-2049	63	0.059882
354	FT911-5289	64	0.058358
354	FT911-5229	65	0.058267
354	FT911-3555	66	0.058098
354	FT911-2912	67	0.057597
354	FT911-457	68	0.057306
354	FT911-3453	69	0.057081
354	FT911-2610	70	0.057074
354	FT911-90	71	0.056687
354	FT911-276	72	0.056007
354	FT911-1450	73	0.055876
354	FT911-4740	74	0.055823
354	FT911-4275	75	0.055717
354	FT911-4856	76	0.055224
354	FT911-5178	77	0.053473
354	FT911-4079	78	0.053251
354	FT911-1085	79	0.053142
354	FT911-879	80	0.053110
354	FT911-2203	81	0.053027
354	FT911-1936	82	0.052443
354	FT911-2812	83	0.052418
354	FT911-5051	84	0.052147
354	FT911-1668	85	0.052053
354	FT911-2276	86	0.051900
354	FT911-2159	87	0.051850
354	FT911-5214	88	0.051819
354	FT911-1468	89	0.051679
354	FT911-195	90	0.051553
354	FT911-4782	91	0.051187
354	FT911-2305	92	0.050641
354	FT911-1469	93	0.050348
354	FT911-2680	94	0.050147
354	FT911-1454	95	0.050127
354	FT911-2646	96	0.049409
354	FT911-3305	97	0.049357
354	FT911-3557	98	0.048981
354	FT911-5011	99	0.048941
354	FT911-4996	100	0.048758
359	FT911-4650	1	0.268790
359	FT911-428	2	0.207895
359	FT911-2712	3	0.178855
359	FT911-391	4	0.158167
359	FT911-4645	5	0.154611
359	FT911-4641	6	0.140804
359	FT911-3973	7	0.138601
359	FT911-4652	8	0.137989
359	FT911-2520	9	0.122551
359	FT911-2046	10	0.121441
359	FT911-4655	11	0.120128
359	FT911-515	12	0.116973
359	FT911-1899	13	0.116883
359	FT911-4656	14	0.115284
359	FT911-2711	15	0.113879
359	FT911-4640	16	0.113581
359	FT911-548	17	0.110396
359	FT911-2983	18	0.108180
359	FT911-4648	19	0.107694
359	FT911-3000	20	0.106651
359	FT911-3917	21	0.106238
359	FT911-4283	22	0.106193
359	FT911-2342	23	0.105992
359	FT911-1265	24	0.105613
359	FT911-4649	25	0.102930
359	FT911-1517	26	0.102880
359	FT911-4575	27	0.102071
359	FT911-1897	28	0.099677
359	FT911-4644	29	0.098582
359	FT911-5129	30	0.098225
359	FT911-4647	31	0.097544
359	FT911-5231	32	0.096667
359	FT911-4642	33	0.095913
359	FT911-1211	34	0.094190
359	FT911-4569	35	0.094083
359	FT911-4654	36	0.093785
359	FT911-4646	37	0.092049
359	FT911-90	38	0.090399
359	FT911-4679	39	0.088427
359	FT911-5051	40	0.087516
359	FT911-5244	41	0.085606
359	FT911-2469	42	0.085167
359	FT911-4651	43	0.084174
359	FT911-4856	44	0.084029
359	FT911-2276	45	0.082777
359	FT911-1369	46	0.082322
359	FT911-594	47	0.081960
359	FT911-2982	48	0.081100
359	FT911-3979	49	0.080898
359	FT911-2465	50	0.080261
359	FT911-4488	51	0.079530
359	FT911-1819	52	0.078427
359	FT911-618	53	0.078343
359	FT911-4024	54	0.076955
359	FT911-5238	55	0.076782
359	FT911-3260	56	0.076654
359	FT911-2017	57	0.076621
359	FT911-4959	58	0.076172
359	FT911-2087	59	0.075670
359	FT911-4206	60	0.075118
359	FT911-1082	61	0.074984
359	FT911-4837	62	0.074692
359	FT911-3494	63	0.073851
359	FT911-4643	64	0.073335
359	FT911-314	65	0.073333
359	FT911-202	66	0.072674
359	FT911-2222	67	0.071289
359	FT911-721	68	0.069347
359	FT911-4264	69	0.068950
359	FT911-2997	70	0.068888
359	FT911-3235	71	0.068218
359	FT911-341	72	0.066718
359	FT911-5120	73	0.065841
359	FT911-559	74	0.064478
359	FT911-4319	75	0.064037
359	FT911-2923	76	0.064018
359	FT911-2219	77	0.063188
359	FT911-2672	78	0.062913
359	FT911-3242	79	0.062698
359	FT911-3149	80	0.062172
359	FT911-4722	81	0.061437
359	FT911-4095	82	0.061426
359	FT911-1282	83	0.061389
359	FT911-1242	84	0.061298
359	FT911-4787	85	0.060836
359	FT911-3013	86	0.060652
359	FT911-1542	87	0.060078
359	FT911-3094	88	0.060021
359	FT911-4976	89	0.059978
359	FT911-3191	90	0.059971
359	FT911-595	91	0.059916
359	FT911-3153	92	0.059648
359	FT911-3276	93	0.058859
359	FT911-4288	94	0.057966
359	FT911-4653	95	0.057735
359	FT911-5086	96	0.057532
359	FT911-5293	97	0.057516
359	FT911-5059	98	0.057160
359	FT911-2637	99	0.056564
359	FT911-2998	100	0.056489
